0004d52d1aeeb8ae6de39d6bd993e992
000000_mlt view

objs node ind
    1
    5
    6
   16
   17
   20
   27
   28
   
real object names and obj2world params in the order of above
209
[0.9999882578849792, 0, 0.004849603865295649, 0, 0, 1, 0, 0, -0.004849603865295649, 0, 0.9999882578849792, 0, 42.12257766723633, 0.8499999642372131, 37.47819900512695, 1]
209
[0.9999882578849792, 0, 0.004849603865295649, 0, 0, 1, 0, 0, -0.004849603865295649, 0, 0.9999882578849792, 0, 39.828121185302734, 0.8499999642372131, 37.46706771850586, 1]
67
[1, 0, 0, 0, 0, 1, 0, 0, 0, 0, 1, 0, 39.869998931884766, 0.04999999701976776, 38.06999969482422, 1]
67
[0.9999995827674866, 0, 0.0009252829477190971, 0, 0, 1, 0, 0, -0.0009252829477190971, 0, 0.9999995827674866, 0, 42.06999588012695, 0.04999995976686478, 38.05999755859375, 1]
109
[1, 0, 0, 0, 0, 1, 0, 0, 0, 0, 1, 0, 40.959999084472656, 0.04999999701976776, 38.11000061035156, 1]
625
[1, 0, 0, 0, 0, 1, 0, 0, 0, 0, 1, 0, 39.86000061035156, 0.08000007271766663, 37.51000213623047, 1]
625
[1, 0, 0, 0, 0, 1, 0, 0, 0, 0, 1, 0, 42.029998779296875, 0.08000007271766663, 37.529998779296875, 1]





[[-9.39155910e-01,  4.41025216e-08, -1.12439842e-01],
       [ 2.20557937e-02, -9.27488754e-01, -1.84181645e-01],
       [-1.10279081e-01, -1.85498126e-01,  9.20909164e-01]]
       
       
       
[[-9.92915324e-01,  4.66270499e-08, -1.18876153e-01],
       [ 2.33183174e-02, -9.80580313e-01, -1.94724620e-01],
       [-1.16591706e-01, -1.96116460e-01,  9.73624094e-01]]